h1 = 
[[0.0000	0.0000	0.0002	0.0004	0.0002	0.0000	0.0000]
[0.0000	0.0008	0.0065	0.0133	0.0065	0.0008	0.0000]
[0.0002	0.0065	0.0547	0.1111	0.0547	0.0065	0.0002]
[0.0004	0.0133	0.1111	0.2256	0.1111	0.0133	0.0004]
[0.0002	0.0065	0.0547	0.1111	0.0547	0.0065	0.0002]
[0.0000	0.0008	0.0065	0.0133	0.0065	0.0008	0.0000]
[0.0000	0.0000	0.0002	0.0004	0.0002	0.0000	0.0000]]


h2 = 
[[0.0000	0.0002	0.0011	0.0018	0.0011	0.0002	0.0000]
[0.0002	0.0029	0.0131	0.0216	0.0131	0.0029	0.0002]
[0.0011	0.0131	0.0586	0.0966	0.0586	0.0131	0.0011]
[0.0018	0.0216	0.0966	0.1592	0.0966	0.0216	0.0018]
[0.0011	0.0131	0.0586	0.0966	0.0586	0.0131	0.0011]
[0.0002	0.0029	0.0131	0.0216	0.0131	0.0029	0.0002]
[0.0000	0.0002	0.0011	0.0018	0.0011	0.0002	0.0000]]

h3 =
[[0.0000	0.0005	0.0033	0.0059	0.0033	0.0005	0.0000]
[0.0005	0.0103	0.0470	0.0689	0.0470	0.0103	0.0005]
[0.0033	0.0470	0.0647	-0.0917	0.0647	0.0470	0.0033]
[0.0059	0.0689	-0.0917	-0.6393	-0.0917	0.0689	0.0059]
[0.0033	0.0470	0.0647	-0.0917	0.0647	0.0470	0.0033]
[0.0005	0.0103	0.0470	0.0689	0.0470	0.0103	0.0005]
[0.0000	0.0005	0.0033	0.0059	0.0033	0.0005	0.0000]]

es_q1 = [[1 1 1 1 1][0 0 1 0 0][0 0 0 0 0]]